<?xml version="1.0"?>
<opencv_storage>
<calibration_Time>"Sun Dec 13 17:27:38 2015"</calibration_Time>
<nrOfFrames>14</nrOfFrames>
<image_Width>640</image_Width>
<image_Height>480</image_Height>
<board_Width>7</board_Width>
<board_Height>7</board_Height>
<square_Size>22.</square_Size>
<FixAspectRatio>1.</FixAspectRatio>
<!-- flags:  +fix_aspectRatio +fix_principal_point +zero_tangent_dist -->
<flagValue>14</flagValue>
<Camera_Matrix type_id="opencv-matrix">
  <rows>3</rows>
  <cols>3</cols>
  <dt>d</dt>
  <data>
    8.5292839455974161e+02 0. 3.1950000000000000e+02 0.
    8.5292839455974161e+02 2.3950000000000000e+02 0. 0. 1.</data></Camera_Matrix>
<Distortion_Coefficients type_id="opencv-matrix">
  <rows>5</rows>
  <cols>1</cols>
  <dt>d</dt>
  <data>
    -4.6236188869132355e-01 5.1600032977745358e-01 0. 0.
    -9.4356566764795269e-01</data></Distortion_Coefficients>
<Avg_Reprojection_Error>2.3558028882738363e-01</Avg_Reprojection_Error>
<Per_View_Reprojection_Errors type_id="opencv-matrix">
  <rows>14</rows>
  <cols>1</cols>
  <dt>f</dt>
  <data>
    2.44697034e-01 1.60331726e-01 2.03866169e-01 1.57847777e-01
    2.76778549e-01 2.59714872e-01 2.64186502e-01 2.46226266e-01
    2.13267639e-01 2.57556349e-01 2.09492058e-01 2.67935961e-01
    2.51378119e-01 2.44431600e-01</data></Per_View_Reprojection_Errors>
<!-- a set of 6-tuples (rotation vector + translation vector) for each view -->
<Extrinsic_Parameters type_id="opencv-matrix">
  <rows>14</rows>
  <cols>6</cols>
  <dt>d</dt>
  <data>
    -1.5861184988894279e-02 -1.1672242541656445e-01
    -6.7269729407454402e-03 -9.4530801793671159e+01
    -7.8272393237707448e+01 3.6486468146065221e+02
    -1.4751109152021827e-01 -9.9881403445642031e-02
    1.1727894269416830e+00 3.4615961716364460e+01
    -8.9928805473626042e+01 4.3373515755496703e+02
    -2.2075938889499458e-01 -1.2265646301448301e-01
    7.8733591125638125e-01 3.1759114693094183e+01
    -1.0050907926051205e+02 4.8674221376858162e+02
    2.1271377579148695e-02 -9.4320531503442842e-02
    4.6693831717397061e-01 6.5049898555622343e-01
    -8.7922009183096876e+01 4.7754809661235254e+02
    3.1966464185489304e-02 1.6492985413448125e-01 1.1109990240700629e+00
    -1.6603374989333293e+01 -1.0415525856112050e+02
    4.5341975975709613e+02 -1.0888750512173520e-01
    1.6683979693589829e-01 3.6708732191546012e-01
    -4.1127239712072473e+01 -1.0062546502499035e+02
    4.8739630137103251e+02 -1.4527517954974615e-02
    2.3602683113815963e-02 2.8253242786008929e-02
    -3.4978961055443243e+01 -7.0060309200598638e+01
    4.2341389477244638e+02 7.7537873025823129e-02 1.4814952699657732e-02
    1.3399121323829533e+00 7.8178685272875839e+01
    -8.2042040193914360e+01 4.1619081430536875e+02
    2.8736280105142710e-02 7.1545578592691908e-02 3.6061393806905723e-01
    -3.3683296038960684e+01 -1.0154484197567413e+02
    4.3150539930369212e+02 -1.0368572815227374e-03
    7.1116589884041318e-03 4.2424478519059827e-01 2.9842439711626827e+01
    -1.1443556403073387e+02 4.5581674156575042e+02
    -3.1793014556904579e-02 8.8332209358927855e-02
    2.5780464874956377e-01 -5.2471263092474445e+01
    -8.0548045495450722e+01 4.4324936960814489e+02
    -8.5089880039812327e-02 1.6799300272005974e-01
    1.1667485271031144e+00 5.6409931374461088e+01
    -8.1260422100409741e+01 4.3355922244710285e+02
    -8.6110116002509521e-02 8.6462646670575891e-02
    -5.1098221039514767e-03 -4.2665540884550495e+01
    -6.9467374570879684e+01 4.3546846203688875e+02
    -8.7614938183508170e-02 7.8600175697172869e-02
    -3.2381411237009865e-03 -4.2382964442660132e+01
    -7.0015676078780629e+01 4.3300639979055364e+02</data></Extrinsic_Parameters>
<Image_points type_id="opencv-matrix">
  <rows>14</rows>
  <cols>49</cols>
  <dt>"2f"</dt>
  <data>
    1.08821442e+02 6.55222397e+01 1.57003906e+02 6.43824387e+01
    2.05486435e+02 6.35879288e+01 2.54621979e+02 6.34550591e+01
    3.03779663e+02 6.39579926e+01 3.52408661e+02 6.48785934e+01
    3.99891663e+02 6.66661224e+01 1.07076469e+02 1.13086075e+02
    1.55690674e+02 1.12236443e+02 2.04576981e+02 1.11545563e+02
    2.54396179e+02 1.11357544e+02 3.03995361e+02 1.11552734e+02
    3.53037872e+02 1.12406685e+02 4.01061615e+02 1.13511482e+02
    1.05810875e+02 1.62048538e+02 1.54729599e+02 1.61122803e+02
    2.04160324e+02 1.60687637e+02 2.54393982e+02 1.60403488e+02
    3.04335663e+02 1.60472397e+02 3.53619568e+02 1.60734741e+02
    4.01989441e+02 1.61430466e+02 1.05207794e+02 2.11650955e+02
    1.54551895e+02 2.11196655e+02 2.03964859e+02 2.10665848e+02
    2.54466492e+02 2.10344177e+02 3.04488403e+02 2.10278381e+02
    3.53904999e+02 2.10329727e+02 4.02542847e+02 2.10427307e+02
    1.05344917e+02 2.61866882e+02 1.54509048e+02 2.61522095e+02
    2.04330063e+02 2.61078735e+02 2.54622833e+02 2.60725281e+02
    3.04804169e+02 2.60280090e+02 3.54373718e+02 2.59806671e+02
    4.02852844e+02 2.59592102e+02 1.06253433e+02 3.11879333e+02
    1.55423538e+02 3.11622192e+02 2.05029327e+02 3.11384094e+02
    2.55128799e+02 3.10782288e+02 3.05261230e+02 3.10288177e+02
    3.54605621e+02 3.09473297e+02 4.03106934e+02 3.08556122e+02
    1.07729568e+02 3.61342438e+02 1.56568970e+02 3.61308105e+02
    2.05883514e+02 3.61156586e+02 2.55860901e+02 3.60604370e+02
    3.05525024e+02 3.59663696e+02 3.54650879e+02 3.58593140e+02
    4.03134949e+02 3.57310181e+02 3.86146759e+02 6.67535477e+01
    4.03127228e+02 1.04779480e+02 4.19733032e+02 1.43682999e+02
    4.36454010e+02 1.83307312e+02 4.52672546e+02 2.22730927e+02
    4.68463928e+02 2.62121552e+02 4.84212524e+02 3.01047577e+02
    3.47938354e+02 8.04335785e+01 3.64812653e+02 1.19322365e+02
    3.81655640e+02 1.58719528e+02 3.98361938e+02 1.98695847e+02
    4.14981628e+02 2.38817032e+02 4.31263428e+02 2.78658142e+02
    4.47195343e+02 3.18213501e+02 3.08691925e+02 9.50306244e+01
    3.25685242e+02 1.34350937e+02 3.42573517e+02 1.74304916e+02
    3.59630768e+02 2.14832733e+02 3.76256256e+02 2.55418152e+02
    3.92782715e+02 2.95735718e+02 4.09065582e+02 3.35536499e+02
    2.68678802e+02 1.10282921e+02 2.85485352e+02 1.50112625e+02
    3.02367523e+02 1.90524796e+02 3.19614014e+02 2.31402924e+02
    3.36544830e+02 2.72331940e+02 3.53448639e+02 3.12952179e+02
    3.70127075e+02 3.53135529e+02 2.28018997e+02 1.26047363e+02
    2.44505524e+02 1.66362366e+02 2.61501953e+02 2.07167236e+02
    2.78654419e+02 2.48422180e+02 2.96073151e+02 2.89488953e+02
    3.13180023e+02 3.30517944e+02 3.30095123e+02 3.70839325e+02
    1.87248581e+02 1.42370544e+02 2.03664017e+02 1.82823746e+02
    2.20464905e+02 2.23937592e+02 2.37626694e+02 2.65513916e+02
    2.55305695e+02 3.07003662e+02 2.72471008e+02 3.47920868e+02
    2.89872559e+02 3.88486145e+02 1.46282898e+02 1.58987289e+02
    1.62377548e+02 1.99802383e+02 1.79127731e+02 2.41029633e+02
    1.96280716e+02 2.82809753e+02 2.13754608e+02 3.24343719e+02
    2.31423706e+02 3.65523407e+02 2.49165985e+02 4.05994446e+02
    3.74046082e+02 6.69266052e+01 4.00729950e+02 9.35672379e+01
    4.27353363e+02 1.20558891e+02 4.53562958e+02 1.47815872e+02
    4.79474701e+02 1.75166458e+02 5.04721039e+02 2.02229050e+02
    5.29650818e+02 2.29051193e+02 3.48413788e+02 9.02422562e+01
    3.75557343e+02 1.17356720e+02 4.02499359e+02 1.44841751e+02
    4.29334991e+02 1.72590408e+02 4.55697113e+02 2.00247437e+02
    4.81570496e+02 2.27583862e+02 5.06834473e+02 2.54674438e+02
    3.21891174e+02 1.14566208e+02 3.49497284e+02 1.42191910e+02
    3.76976501e+02 1.69901855e+02 4.04375488e+02 1.98154968e+02
    4.31146637e+02 2.26181305e+02 4.57459808e+02 2.53740753e+02
    4.83318573e+02 2.81138336e+02 2.94632141e+02 1.39826935e+02
    3.22606445e+02 1.68067490e+02 3.50338379e+02 1.96309921e+02
    3.78249634e+02 2.24518677e+02 4.05598938e+02 2.52719101e+02
    4.32470459e+02 2.80714813e+02 4.58854950e+02 3.08311707e+02
    2.66730682e+02 1.66259872e+02 2.94820862e+02 1.94642197e+02
    3.22910675e+02 2.23308167e+02 3.51280182e+02 2.51972595e+02
    3.79365387e+02 2.80388641e+02 4.06686493e+02 3.08366333e+02
