<?xml version="1.0"?>
<opencv_storage>
<calibration_Time>"Tue Dec  8 12:00:18 2015"</calibration_Time>
<nrOfFrames>3</nrOfFrames>
<image_Width>447</image_Width>
<image_Height>339</image_Height>
<board_Width>12</board_Width>
<board_Height>12</board_Height>
<square_Size>30.</square_Size>
<FixAspectRatio>1.</FixAspectRatio>
<!-- flags:  +fix_aspectRatio +fix_principal_point +zero_tangent_dist -->
<flagValue>14</flagValue>
<Camera_Matrix type_id="opencv-matrix">
  <rows>3</rows>
  <cols>3</cols>
  <dt>d</dt>
  <data>
    4.6982567152680758e+02 0. 223. 0. 4.6982567152680758e+02 169. 0. 0.
    1.</data></Camera_Matrix>
<Distortion_Coefficients type_id="opencv-matrix">
  <rows>5</rows>
  <cols>1</cols>
  <dt>d</dt>
  <data>
    -1.9546385862242327e-01 -2.9463881998555524e-01 0. 0.
    7.6462658240823456e-01</data></Distortion_Coefficients>
<Avg_Reprojection_Error>3.6500868537729098e-01</Avg_Reprojection_Error>
<Per_View_Reprojection_Errors type_id="opencv-matrix">
  <rows>3</rows>
  <cols>1</cols>
  <dt>f</dt>
  <data>
    5.40013850e-01 2.53054470e-01 2.09863111e-01</data></Per_View_Reprojection_Errors>
<!-- a set of 6-tuples (rotation vector + translation vector) for each view -->
<Extrinsic_Parameters type_id="opencv-matrix">
  <rows>3</rows>
  <cols>6</cols>
  <dt>d</dt>
  <data>
    5.3038192226904224e-01 -3.6637087860189890e-02
    -1.6577143443934131e-01 -1.8924722597285464e+02
    -1.0777516965681282e+02 6.2008185516506285e+02
    1.1370695542958600e-01 -1.6569971670317071e-01
    1.3560255302413102e+00 2.2411613425229450e+02
    -2.2018834581483944e+02 6.5410395592380326e+02
    -2.3445920943940496e-01 -2.3310789392631950e-01
    -6.8007746866333207e-02 -2.4054960849498312e+02
    -1.8858141819781051e+02 5.5697693392647739e+02</data></Extrinsic_Parameters>
<Image_points type_id="opencv-matrix">
  <rows>3</rows>
  <cols>144</cols>
  <dt>"2f"</dt>
  <data>
    8.35181961e+01 8.96450043e+01 1.04544144e+02 8.55290909e+01
    1.26083290e+02 8.13580017e+01 1.47640915e+02 7.72733231e+01
    1.69636368e+02 7.31899490e+01 1.91706940e+02 6.92948303e+01
    2.14110046e+02 6.53597107e+01 2.36260361e+02 6.16369133e+01
    2.58488586e+02 5.79251328e+01 2.80487885e+02 5.45136375e+01
    3.02501404e+02 5.11832237e+01 3.23702209e+02 4.81567078e+01
    8.93733063e+01 1.09690720e+02 1.10231499e+02 1.05645897e+02
    1.31101410e+02 1.01803009e+02 1.52500336e+02 9.77374420e+01
    1.74109192e+02 9.39501419e+01 1.95740768e+02 9.00426788e+01
    2.17510284e+02 8.64190521e+01 2.39347656e+02 8.25490875e+01
    2.61172821e+02 7.90321274e+01 2.82597626e+02 7.55444412e+01
    3.04099182e+02 7.22841110e+01 3.25381104e+02 6.89301224e+01
    9.52057953e+01 1.28840897e+02 1.15606438e+02 1.25129906e+02
    1.36309692e+02 1.21367416e+02 1.57244858e+02 1.17569588e+02
    1.78242294e+02 1.13743546e+02 1.99434845e+02 1.10215607e+02
    2.20726746e+02 1.06379456e+02 2.42142624e+02 1.02887611e+02
    2.63538055e+02 9.93028641e+01 2.84855194e+02 9.59649429e+01
    3.05978088e+02 9.24338760e+01 3.26363434e+02 8.92708588e+01
    1.00899277e+02 1.47323227e+02 1.20847282e+02 1.43668732e+02
    1.41091614e+02 1.40193314e+02 1.61535934e+02 1.36461761e+02
    1.82301575e+02 1.32872314e+02 2.03095215e+02 1.29318649e+02
    2.24082458e+02 1.25775078e+02 2.44904572e+02 1.22165100e+02
    2.65789520e+02 1.18715858e+02 2.86595978e+02 1.15314590e+02
    3.07255005e+02 1.12022881e+02 3.27487244e+02 1.08567268e+02
    1.06042023e+02 1.65197647e+02 1.26128830e+02 1.61638046e+02
    1.45851181e+02 1.58210419e+02 1.66000885e+02 1.54659821e+02
    1.86293823e+02 1.51231262e+02 2.06571259e+02 1.47783585e+02
    2.27000732e+02 1.44231049e+02 2.47536545e+02 1.40778305e+02
    2.68093750e+02 1.37385193e+02 2.88230988e+02 1.34090271e+02
    3.08479614e+02 1.30546066e+02 3.28245453e+02 1.27389053e+02
    1.11947083e+02 1.82092987e+02 1.31165237e+02 1.78774033e+02
    1.50564804e+02 1.75566315e+02 1.70227051e+02 1.72199677e+02
    1.90058212e+02 1.68791748e+02 2.10008408e+02 1.65472183e+02
    2.30042908e+02 1.62175003e+02 2.50149063e+02 1.58629379e+02
    2.69957916e+02 1.55381744e+02 2.89954865e+02 1.51933304e+02
    3.09570374e+02 1.48622177e+02 3.29086304e+02 1.45314590e+02
    1.17044899e+02 1.98101685e+02 1.36085831e+02 1.95098816e+02
    1.54953506e+02 1.91914169e+02 1.74400955e+02 1.88719971e+02
    1.93758789e+02 1.85545929e+02 2.13333038e+02 1.82356735e+02
    2.32834274e+02 1.79042618e+02 2.52556534e+02 1.75721512e+02
    2.72152191e+02 1.72382080e+02 2.91417603e+02 1.69074005e+02
    3.10678040e+02 1.65661163e+02 3.29604156e+02 1.62522888e+02
    1.20536476e+02 2.14230743e+02 1.40713745e+02 2.10711639e+02
    1.59407425e+02 2.07834717e+02 1.78391876e+02 2.04697281e+02
    1.97327011e+02 2.01639557e+02 2.16443436e+02 1.98466721e+02
    2.35526962e+02 1.95311432e+02 2.54602448e+02 1.91991837e+02
    2.73726166e+02 1.88733551e+02 2.92773438e+02 1.85490463e+02
    3.11604919e+02 1.82280396e+02 3.30338623e+02 1.78950073e+02
    1.27067955e+02 2.28552628e+02 1.45231339e+02 2.25758392e+02
    1.63386948e+02 2.22860458e+02 1.81879227e+02 2.20027237e+02
    2.00490173e+02 2.16987488e+02 2.19327118e+02 2.13926804e+02
    2.38153259e+02 2.10701004e+02 2.56925446e+02 2.07613235e+02
    2.75567596e+02 2.04424988e+02 2.93982849e+02 2.01224609e+02
    3.12495789e+02 1.97944977e+02 3.30916626e+02 1.94621704e+02
    1.29354630e+02 2.42998489e+02 1.49757935e+02 2.40181396e+02
    1.67558197e+02 2.37272095e+02 1.85673859e+02 2.34485046e+02
    2.03799103e+02 2.31609512e+02 2.22144470e+02 2.28620300e+02
    2.40359467e+02 2.25641113e+02 2.58550446e+02 2.22518555e+02
    2.77075043e+02 2.19387466e+02 2.95116150e+02 2.16360641e+02
    3.13438049e+02 2.12885147e+02 3.31224579e+02 2.10174408e+02
    1.36530594e+02 2.56599030e+02 1.54095139e+02 2.54082245e+02
    1.71390564e+02 2.51200500e+02 1.89189072e+02 2.48453201e+02
    2.06871429e+02 2.46078217e+02 2.24791504e+02 2.42690796e+02
    2.42658936e+02 2.40500183e+02 2.60716400e+02 2.36694794e+02
    2.78509979e+02 2.34709976e+02 2.96192993e+02 2.30565842e+02
    3.13996582e+02 2.27027664e+02 3.31440399e+02 2.24212860e+02
    1.39392014e+02 2.73716095e+02 1.58298904e+02 2.67997925e+02
    1.75333557e+02 2.64586090e+02 1.92635559e+02 2.63276031e+02
    2.09812897e+02 2.58763092e+02 2.27409897e+02 2.57818390e+02
    2.44733139e+02 2.52948380e+02 2.62425537e+02 2.52315308e+02
    2.79874725e+02 2.47394012e+02 2.97340881e+02 2.43397675e+02
    3.14683411e+02 2.40941650e+02 3.31487549e+02 2.40291428e+02
    3.75508942e+02 1.84679089e+01 3.79384796e+02 3.85140800e+01
    3.82854126e+02 5.87730789e+01 3.86322388e+02 7.86178360e+01
    3.89609802e+02 9.86194229e+01 3.92679047e+02 1.18246193e+02
    3.95540192e+02 1.37739380e+02 3.97987671e+02 1.56833954e+02
    4.00542603e+02 1.75771408e+02 4.02770569e+02 1.94262741e+02
    4.04834747e+02 2.12446930e+02 4.06535889e+02 2.30292969e+02
    3.56784424e+02 2.15126400e+01 3.60491119e+02 4.19201050e+01
    3.64379761e+02 6.21348343e+01 3.67808624e+02 8.23472977e+01
    3.71294922e+02 1.02240257e+02 3.74414703e+02 1.22201111e+02
    3.77466705e+02 1.41618103e+02 3.80178955e+02 1.61043442e+02
    3.82821198e+02 1.79919876e+02 3.85156555e+02 1.98597824e+02
    3.87414673e+02 2.16804092e+02 3.89277618e+02 2.34815353e+02
    3.37410156e+02 2.50359745e+01 3.41297180e+02 4.53259811e+01
    3.45277985e+02 6.58288651e+01 3.48880859e+02 8.59250641e+01
    3.52336212e+02 1.06188690e+02 3.55629364e+02 1.26088310e+02
    3.58797913e+02 1.45783035e+02 3.61634033e+02 1.65205200e+02
    3.64506073e+02 1.84291550e+02 3.67090637e+02 2.02917435e+02
    3.69534546e+02 2.21353607e+02 3.71395447e+02 2.39318283e+02
    3.17759216e+02 2.83931198e+01 3.21699921e+02 4.91315422e+01
    3.25683258e+02 6.94532776e+01 3.29490845e+02 8.99487381e+01
    3.33192505e+02 1.10048126e+02 3.36617828e+02 1.30208786e+02
    3.39795197e+02 1.49902908e+02 3.43033844e+02 1.69427444e+02
    3.45790283e+02 1.88545532e+02 3.48658386e+02 2.07368561e+02
