<?xml version="1.0"?>
<opencv_storage>
<calibration_Time>"Thu Dec 10 12:57:41 2015"</calibration_Time>
<nrOfFrames>11</nrOfFrames>
<image_Width>640</image_Width>
<image_Height>480</image_Height>
<board_Width>12</board_Width>
<board_Height>12</board_Height>
<square_Size>30.</square_Size>
<FixAspectRatio>1.</FixAspectRatio>
<!-- flags:  +fix_aspectRatio +fix_principal_point +zero_tangent_dist -->
<flagValue>14</flagValue>
<Camera_Matrix type_id="opencv-matrix">
  <rows>3</rows>
  <cols>3</cols>
  <dt>d</dt>
  <data>
    6.5765055683480614e+02 0. 3.1950000000000000e+02 0.
    6.5765055683480614e+02 2.3950000000000000e+02 0. 0. 1.</data></Camera_Matrix>
<Distortion_Coefficients type_id="opencv-matrix">
  <rows>5</rows>
  <cols>1</cols>
  <dt>d</dt>
  <data>
    -2.4594273135249650e-01 6.2784147070206076e-02 0. 0.
    9.0149078147369041e-02</data></Distortion_Coefficients>
<Avg_Reprojection_Error>2.9790814137554250e-01</Avg_Reprojection_Error>
<Per_View_Reprojection_Errors type_id="opencv-matrix">
  <rows>11</rows>
  <cols>1</cols>
  <dt>f</dt>
  <data>
    2.43378699e-01 2.40674615e-01 4.59816128e-01 2.74545640e-01
    3.45047951e-01 1.72776774e-01 2.06029043e-01 2.85399646e-01
    2.89030910e-01 3.54435325e-01 3.00506443e-01</data></Per_View_Reprojection_Errors>
<!-- a set of 6-tuples (rotation vector + translation vector) for each view -->
<Extrinsic_Parameters type_id="opencv-matrix">
  <rows>11</rows>
  <cols>6</cols>
  <dt>d</dt>
  <data>
    5.3651751096349032e-01 -1.4331639664756973e-01
    -2.0578169598104545e-02 -1.6794340126858421e+02
    -1.2760934061686194e+02 5.8624574515930681e+02
    3.8134743393936443e-01 -4.3899752796446168e-01
    1.3661732215304521e+00 1.3269704363717577e+02
    -1.6310628056273706e+02 6.0256779668474610e+02
    8.0081579329980268e-01 -1.7096979865561010e-01
    1.3612307719033194e+00 1.3747439874285769e+02
    -1.1093901472120456e+02 4.6151314119985551e+02
    -7.3266798153285684e-01 -1.1418796422165070e-01
    -1.2946825887307520e-01 -2.1189422432223307e+02
    -1.6511320444332995e+02 6.5909259213775363e+02
    -5.6903818091016145e-01 -6.9762090788766140e-01
    2.2043404546300077e-02 -1.4888194346262515e+02
    -2.0410097433455553e+02 6.0423667717952503e+02
    -4.9595265084028045e-01 -5.3275794027121274e-03
    -1.4285465650303483e-01 -1.8474721127793464e+02
    -5.8840728012914468e+01 8.5957058030215376e+02
    -4.7301918796810122e-01 -5.6684299483362656e-02
    -1.2956972568435532e-01 -1.9412949927157516e+02
    -1.1648058330403896e+02 7.5130039149610002e+02
    -4.1625924990091545e-01 -1.6371731944263979e-01
    -8.7886863330274068e-02 -1.7503814582235640e+02
    -1.6557130060004468e+02 6.1892401185622066e+02
    -2.3084359696779841e-01 -2.3468914310101963e-01
    -6.8611375513756429e-02 -2.4239702826130005e+02
    -1.8807182524175141e+02 5.4405993936504547e+02
    1.1347589964386919e-01 -1.6224240129970180e-01
    1.3564599332871217e+00 2.2197513614470736e+02
    -2.1949665243071723e+02 6.3964980403210825e+02
    -5.9572638505340303e-01 2.0590292263698348e-01
    -1.9125309721237188e-01 -1.5763756843306587e+02
    -1.3791801337340556e+02 6.7184066942378638e+02</data></Extrinsic_Parameters>
<Image_points type_id="opencv-matrix">
  <rows>11</rows>
  <cols>144</cols>
  <dt>"2f"</dt>
  <data>
    1.37073883e+02 1.00982300e+02 1.69347656e+02 9.91223755e+01
    2.01799011e+02 9.73812637e+01 2.34121613e+02 9.59212265e+01
    2.66575592e+02 9.47070007e+01 2.98472534e+02 9.34456940e+01
    3.30457916e+02 9.25430069e+01 3.61504913e+02 9.16356430e+01
    3.92515900e+02 9.11313629e+01 4.22501129e+02 9.07030869e+01
    4.52293671e+02 9.03220215e+01 4.80619507e+02 9.01887817e+01
    1.40245804e+02 1.31321289e+02 1.72055740e+02 1.29409821e+02
    2.03522034e+02 1.27804085e+02 2.35496353e+02 1.26295586e+02
    2.66983765e+02 1.24955429e+02 2.98540405e+02 1.23560249e+02
    3.29544708e+02 1.22684196e+02 3.60409607e+02 1.21425301e+02
    3.90380554e+02 1.20704781e+02 4.20173157e+02 1.19811897e+02
    4.48954285e+02 1.19285736e+02 4.77208557e+02 1.18759903e+02
    1.43629974e+02 1.60524368e+02 1.74494156e+02 1.58756729e+02
    2.05546951e+02 1.57147781e+02 2.36578400e+02 1.55432739e+02
    2.67515869e+02 1.53877960e+02 2.98139709e+02 1.52649612e+02
    3.28670044e+02 1.51331894e+02 3.58657227e+02 1.50221024e+02
    3.88452362e+02 1.49116562e+02 4.17376312e+02 1.48216797e+02
    4.46004242e+02 1.47224503e+02 4.73451935e+02 1.46555664e+02
    1.46546753e+02 1.88458054e+02 1.77033585e+02 1.86751099e+02
    2.07243317e+02 1.85047623e+02 2.37765915e+02 1.83349564e+02
    2.67980988e+02 1.81808334e+02 2.98265930e+02 1.80437286e+02
    3.27970703e+02 1.79024872e+02 3.57593445e+02 1.77572510e+02
    3.86536743e+02 1.76498169e+02 4.15162659e+02 1.75239822e+02
    4.43052795e+02 1.74117111e+02 4.70213226e+02 1.73040359e+02
    1.49857346e+02 2.15269714e+02 1.79502380e+02 2.13492416e+02
    2.09244888e+02 2.11741440e+02 2.38940079e+02 2.10258881e+02
    2.68670715e+02 2.08647217e+02 2.98101776e+02 2.07109558e+02
    3.27386993e+02 2.05443817e+02 3.56192719e+02 2.04088150e+02
    3.84640991e+02 2.02656891e+02 4.12515564e+02 2.01268387e+02
    4.40088287e+02 1.99743271e+02 4.66594818e+02 1.98666962e+02
    1.53032059e+02 2.40875748e+02 1.82166000e+02 2.39277588e+02
    2.11141724e+02 2.37553467e+02 2.40314117e+02 2.35848724e+02
    2.69239655e+02 2.34383743e+02 2.98105713e+02 2.32750168e+02
    3.26627930e+02 2.31117828e+02 3.54911987e+02 2.29397141e+02
    3.82728668e+02 2.27969742e+02 4.10150909e+02 2.26344650e+02
    4.36973389e+02 2.24892929e+02 4.63144562e+02 2.23250381e+02
    1.56476974e+02 2.65257812e+02 1.84666107e+02 2.63613739e+02
    2.13202423e+02 2.61919891e+02 2.41660995e+02 2.60383728e+02
    2.70028595e+02 2.58797028e+02 2.98173126e+02 2.57023285e+02
    3.26227692e+02 2.55321457e+02 3.53829987e+02 2.53616043e+02
    3.81138184e+02 2.51794739e+02 4.07669250e+02 2.50302216e+02
    4.34185852e+02 2.48516129e+02 4.59722290e+02 2.46902557e+02
    1.59605942e+02 2.88640778e+02 1.87370178e+02 2.87160797e+02
    2.14957077e+02 2.85416473e+02 2.42955338e+02 2.83708710e+02
    2.70496033e+02 2.82182526e+02 2.98170258e+02 2.80430115e+02
    3.25406342e+02 2.78639771e+02 3.52525177e+02 2.76893524e+02
    3.79155853e+02 2.75011261e+02 4.05390930e+02 2.73235596e+02
    4.31236755e+02 2.71366760e+02 4.56394653e+02 2.69434814e+02
    1.62431839e+02 3.11069397e+02 1.89486404e+02 3.09436737e+02
    2.16641739e+02 3.07724609e+02 2.43906113e+02 3.06144287e+02
    2.70898590e+02 3.04492828e+02 2.97872284e+02 3.02679047e+02
    3.24669403e+02 3.00893127e+02 3.51217072e+02 2.98916901e+02
    3.77419434e+02 2.97123779e+02 4.03100220e+02 2.95124542e+02
    4.28491638e+02 2.93154755e+02 4.53195831e+02 2.91169006e+02
    1.65560028e+02 3.32223755e+02 1.92187164e+02 3.30765747e+02
    2.18495941e+02 3.29111115e+02 2.45220230e+02 3.27442535e+02
    2.71534302e+02 3.25764404e+02 2.97842651e+02 3.23916290e+02
    3.23876221e+02 3.22158936e+02 3.49831390e+02 3.20047180e+02
    3.75291718e+02 3.18232361e+02 4.00538330e+02 3.16049683e+02
    4.25328369e+02 3.14173248e+02 4.49568909e+02 3.11783020e+02
    1.68431992e+02 3.52615936e+02 1.94365112e+02 3.51138306e+02
    2.20305573e+02 3.49490540e+02 2.46274658e+02 3.47884338e+02
    2.72142090e+02 3.46139954e+02 2.97876251e+02 3.44380524e+02
    3.23484589e+02 3.42443237e+02 3.48820099e+02 3.40402435e+02
    3.73860596e+02 3.38382294e+02 3.98478088e+02 3.36361298e+02
    4.22887207e+02 3.33922974e+02 4.46567291e+02 3.31969360e+02
    1.71366531e+02 3.71933716e+02 1.96714279e+02 3.70604462e+02
    2.21865692e+02 3.69030884e+02 2.47503082e+02 3.67404907e+02
    2.72616699e+02 3.65718628e+02 2.97841003e+02 3.63750092e+02
    3.22772186e+02 3.61944489e+02 3.47650177e+02 3.59734833e+02
    3.72076904e+02 3.57816040e+02 3.96224915e+02 3.55489258e+02
    4.20076324e+02 3.53335266e+02 4.43394226e+02 3.50855743e+02
    4.59885620e+02 6.61612396e+01 4.61995361e+02 9.59030685e+01
